<?xml version="1.0"?>
<opencv_storage>
<calibration_Time>"07/26/17 16:51:34"</calibration_Time>
<nrOfFrames>25</nrOfFrames>
<image_Width>640</image_Width>
<image_Height>480</image_Height>
<board_Width>7</board_Width>
<board_Height>5</board_Height>
<square_Size>30.</square_Size>
<FixAspectRatio>1.</FixAspectRatio>
<!-- flags:  +fix_aspectRatio +fix_principal_point +zero_tangent_dist -->
<flagValue>14</flagValue>
<Camera_Matrix type_id="opencv-matrix">
  <rows>3</rows>
  <cols>3</cols>
  <dt>d</dt>
  <data>
    7.2781846682143623e+002 0. 3.1950000000000000e+002 0.
    7.2781846682143623e+002 2.3950000000000000e+002 0. 0. 1.</data></Camera_Matrix>
<Distortion_Coefficients type_id="opencv-matrix">
  <rows>5</rows>
  <cols>1</cols>
  <dt>d</dt>
  <data>
    1.2327925457386534e-001 -1.0915097115994026e+000 0. 0.
    1.9583591575696309e+000</data></Distortion_Coefficients>
<Avg_Reprojection_Error>2.9992076662602152e-001</Avg_Reprojection_Error>
<Per_View_Reprojection_Errors type_id="opencv-matrix">
  <rows>25</rows>
  <cols>1</cols>
  <dt>f</dt>
  <data>
    4.58716452e-001 2.97547638e-001 2.92278677e-001 2.60835350e-001
    2.79233754e-001 2.35570595e-001 2.75141120e-001 3.31191599e-001
    3.00026596e-001 2.95764983e-001 2.52733737e-001 2.80238539e-001
    2.91383803e-001 3.32096696e-001 3.23963791e-001 2.32107699e-001
    2.23968416e-001 2.35692322e-001 2.64128089e-001 3.51100385e-001
    2.31443673e-001 3.30880582e-001 3.88642848e-001 3.46734881e-001
    2.65620738e-001</data></Per_View_Reprojection_Errors>
<!-- a set of 6-tuples (rotation vector + translation vector) for each view -->
<Extrinsic_Parameters type_id="opencv-matrix">
  <rows>25</rows>
  <cols>6</cols>
  <dt>d</dt>
  <data>
    -5.0345739648113674e-002 4.5081361602194350e-002
    3.8254300660570728e-002 -7.9080739444338548e+001
    -7.0889962208412115e+001 4.1880285175585107e+002
    -5.1069105699559594e-002 2.1257244197258787e-002
    4.0896112736213047e-002 -9.1018836062589415e+001
    -7.8459728907255368e+001 4.1757575325097389e+002
    -5.8506365824328742e-002 -8.1432357586607967e-002
    5.3405151592363788e-002 -8.4288953028322837e+001
    -8.7137072600175216e+001 4.0650023114865348e+002
    -1.0199510773601926e-001 -2.6215692825224141e-001
    4.1277916608114619e-002 -8.5642464471001901e+001
    -8.0447890791376125e+001 4.1166561069102681e+002
    -1.4135157182728392e-001 -4.7005830299120910e-001
    2.6836428046905149e-002 -9.4774945032043036e+001
    -7.0860477815816409e+001 4.0063153765992229e+002
    -1.2245289805679771e-001 -5.8798002706233832e-001
    6.5839122154093446e-002 -6.0080300880474887e+001
    -8.0057554982642529e+001 3.8262471393009923e+002
    -1.2912231796187204e-001 -2.7261138924827821e-001
    1.3430417261702257e-001 -2.9767670932672360e+001
    -7.4210645583246190e+001 3.9506413426983966e+002
    -1.2453502623656958e-001 1.2283048505975082e-003
    7.1322046545135451e-002 -8.5099431536100141e+001
    -7.8648358098591359e+001 4.1686044764921019e+002
    -1.1856321883644150e-001 2.5484529752415630e-001
    8.6432165382357498e-002 -8.2899819505959400e+001
    -7.2622806748106512e+001 4.3348297129733356e+002
    -7.2385447455715637e-002 4.6039772778293536e-001
    1.1731450241935397e-001 -7.1507339593829172e+001
    -7.5952830474741972e+001 4.2356584892029042e+002
    -5.9134031884201479e-002 5.1340814683866665e-001
    6.2673944310087340e-002 -1.1227559953080522e+002
    -7.6081152391178293e+001 4.4290590755389803e+002
    -4.3870316518377687e-002 6.3824788684864020e-001
    4.3681551168511058e-002 -1.0661667133465848e+002
    -6.6964958212223394e+001 4.5291283298489452e+002
    -9.0378889040542240e-002 2.3134851462638731e-001
    2.8486201916944821e-002 -1.5953213185736914e+002
    -8.2610409684233048e+001 4.2126971145680852e+002
    -1.1709099311491393e-001 2.0364552956283194e-001
    6.5084285066640046e-002 -7.5477189735087009e+001
    -7.0986104873101084e+001 4.2903944905878080e+002
    3.9422221160871317e-002 9.5542971870480487e-003
    3.8155088417586268e-002 -1.0948760951148743e+002
    -8.4274913350028456e+001 3.8293173110734421e+002
    1.2688773720171892e-001 3.7452081623599227e-003
    3.5023807150108388e-002 -1.1357224312435817e+002
    -7.3211407350460476e+001 3.9245703968327751e+002
    2.3068024523763980e-001 8.2031343559417214e-003
    2.7380902175947082e-002 -1.2212511529114683e+002
    -7.9018066104435817e+001 4.0730393995523559e+002
    3.8779250740700849e-001 -5.5481745302275272e-003
    3.4881279358399762e-002 -1.1828739546726712e+002
    -6.3468632042886810e+001 3.8033971568741475e+002
    5.3349233311233135e-001 -4.3447744480593971e-002
    4.8534182620849138e-002 -1.1263918540912523e+002
    -5.7109035315263135e+001 3.3813406472065481e+002
    4.7583987074854828e-001 -2.7007069911286617e-002
    6.6253244841005782e-002 -9.7566197689806700e+001
    -4.6028333558182396e+001 3.5484702268842295e+002
    1.8326102259587451e-001 -3.0116516072143305e-002
    5.4966790647940092e-002 -1.0746130348670467e+002
    -5.6036703497110786e+001 3.6232895371580611e+002
    -6.7550395350795170e-002 -3.1241343072615231e-002
    5.2134078511261511e-003 -1.1721862330460471e+002
    -6.8022141041685344e+001 3.7385084485981048e+002
    -3.3063627350754965e-001 -5.9055728559033370e-002
    1.0550276651935107e-002 -1.1573940579048920e+002
    -7.7104144296222572e+001 4.0092270367410333e+002
    -5.2283208870818754e-001 -3.4273389613302181e-002
    2.7125500153915225e-002 -1.0084098814161821e+002
    -7.5742204656504029e+001 4.2707946385980080e+002
    -6.1307642423616315e-001 3.8030447656908304e-003
    1.8098764880327349e-002 -9.5535429964961949e+001
    -8.5452326499204688e+001 4.5775096579804745e+002</data></Extrinsic_Parameters>
