%YAML:1.0
calibration_Time: "08/04/17 14:07:35"
nrOfFrames: 25
image_Width: 640
image_Height: 480
board_Width: 7
board_Height: 5
square_Size: 30.
FixAspectRatio: 1.
# flags:  +fix_aspectRatio +fix_principal_point +zero_tangent_dist
flagValue: 14
Camera_Matrix: !!opencv-matrix
   rows: 3
   cols: 3
   dt: d
   data: [ 7.3028935338762153e+002, 0., 3.1950000000000000e+002, 0.,
       7.3028935338762153e+002, 2.3950000000000000e+002, 0., 0., 1. ]
Distortion_Coefficients: !!opencv-matrix
   rows: 5
   cols: 1
   dt: d
   data: [ 1.2187957290824700e-001, -1.7277887177815068e+000, 0., 0.,
       6.3139638885272484e+000 ]
Avg_Reprojection_Error: 3.1213652915358353e-001
Per_View_Reprojection_Errors: !!opencv-matrix
   rows: 25
   cols: 1
   dt: f
   data: [ 2.43479833e-001, 3.50112349e-001, 3.62893552e-001,
       2.67058045e-001, 1.97325379e-001, 2.05821902e-001,
       5.33427000e-001, 2.70449221e-001, 3.14898968e-001,
       2.72505730e-001, 1.79370239e-001, 2.24787682e-001,
       2.26010486e-001, 2.08519623e-001, 2.92919964e-001,
       4.76928324e-001, 4.24574554e-001, 2.75440961e-001,
       2.58691490e-001, 2.51847684e-001, 2.27111399e-001,
       4.38815773e-001, 3.74975145e-001, 3.00884008e-001,
       2.93540984e-001 ]
# a set of 6-tuples (rotation vector + translation vector) for each view
Extrinsic_Parameters: !!opencv-matrix
   rows: 25
   cols: 6
   dt: d
   data: [ -1.1402339673666433e-002, 7.4439282064026474e-002,
       1.2117049563121656e-002, -8.1158488298574625e+001,
       -6.3728486116184527e+001, 3.9006318444352257e+002,
       -3.8878449980963216e-002, 4.6200710309199207e-002,
       5.0800134267307657e-003, -9.1577506681035459e+001,
       -7.2153939502977209e+001, 3.8967172048885107e+002,
       -3.4238274128162971e-001, 1.1235506161366088e-002,
       2.8070433386826701e-002, -9.9084621165921902e+001,
       -5.8511683801934147e+001, 4.2004477350262408e+002,
       -6.0018065495884210e-001, 1.0552619649514492e-002,
       4.7007438741004243e-002, -9.1177172327336649e+001,
       -8.4000592588434984e+001, 4.7768195773286266e+002,
       -8.2188164396610663e-001, -1.0085674778454094e-002,
       8.8021612614728757e-003, -1.1297815988134103e+002,
       -5.7369678536814277e+001, 5.0112646975183173e+002,
       -8.9427767149177961e-001, -4.4745067562256425e-003,
       -2.1204387752602185e-003, -1.2090584815175278e+002,
       -8.3052003671281128e+001, 4.8527477142384856e+002,
       -4.4410749311208669e-001, -6.1811446668064308e-003,
       3.4424177452535114e-002, -8.9849304189693328e+001,
       -1.3122208105500721e+002, 4.3115139287459323e+002,
       -3.9732375338985787e-001, -1.2671173861337955e-002,
       8.0968707743160860e-003, -1.1582022666980227e+002,
       -5.8289260285585044e+001, 4.6406332063078111e+002,
       4.2574880631843739e-002, 1.4856781149540359e-002,
       2.2702055895754362e-002, -1.0205055724875312e+002,
       -7.8745861467242406e+001, 4.3683625208706428e+002,
       3.7475150874301061e-001, -5.1572942045404406e-002,
       3.7892840602411923e-002, -1.2303460012890180e+002,
       -6.4890584544617241e+001, 4.0987399909876484e+002,
       4.9269078337851807e-001, -7.4701678213691891e-002,
       5.0834803104458773e-002, -1.2660858101176456e+002,
       -7.2259078032013292e+001, 4.3354246101587614e+002,
       6.1375074844754007e-001, -6.7656226512651310e-002,
       4.5590587952783923e-002, -1.3733123372589210e+002,
       -6.4728462676821735e+001, 4.1876710355062420e+002,
       6.8996270943813442e-001, -9.9183803924921904e-002,
       5.9855468775384772e-002, -1.2285592121391811e+002,
       -5.3424684483861327e+001, 3.9267818385667744e+002,
       3.9334330028611053e-001, -9.1338597624556081e-002,
       8.5969344864911854e-002, -1.1642113206461349e+002,
       -3.3369963836264105e+001, 4.2056092350319665e+002,
       2.2680093653557265e-001, -1.4213081925532497e-001,
       2.4701847154593528e-002, -1.2599023868869975e+002,
       -3.7974501213437662e+001, 3.8887228228131522e+002,
       2.8618411707948824e-002, -1.2672058195959909e-001,
       2.9163006706694788e-002, -1.0419376494555671e+002,
       -5.3305730725273818e+001, 3.9504957686344653e+002,
       -1.2913616588442900e-001, -2.4711643524326818e-001,
       2.5609848628604725e-002, -8.5258876831058402e+001,
       -6.3570988798650177e+001, 3.9028113147229698e+002,
       -1.7811499108681200e-001, -5.1996286812978243e-001,
       -1.6972298422230084e-002, -7.5395866829014309e+001,
       -4.5336728047776766e+001, 3.7852688380702000e+002,
       -2.0564824560197306e-001, -7.0103182834136879e-001,
       6.9285812646413866e-003, -5.6880715374053089e+001,
       -4.9233732678376434e+001, 3.7321434703623794e+002,
       -2.3269072939026972e-001, -7.2995994729646563e-001,
       7.0174729224540378e-002, -3.5732419471900052e+001,
       -6.2552551980121834e+001, 3.8433790037157570e+002,
       -3.2895870383912895e-001, -1.1452350284681623e-001,
       1.1076778377127028e-001, -6.5893801904836124e+001,
       -3.3458103932392120e+001, 4.4097443040931608e+002,
       -3.0756583987022557e-001, 2.0347757935400687e-001,
       -1.6558721644782549e-003, -1.1998896671039766e+002,
       -3.9187063186356319e+001, 4.3641709848025300e+002,
       -2.6682282026143023e-001, 4.6410651993361424e-001,
       4.6611610578171252e-002, -9.6414268984925428e+001,
       -3.5482070642000572e+001, 4.5223477472942136e+002,
       -2.2093055351888949e-001, 5.7161592494192259e-001,
       2.0277453200313548e-002, -1.0938696853037233e+002,
       -4.0231724923364247e+001, 4.2622121044193568e+002,
       -2.3141047725705649e-001, 5.3809917768245208e-001,
       -1.6790277558910709e-002, -1.1702436997801718e+002,
       -5.2904783548719948e+001, 4.4240497238939633e+002 ]
