%YAML:1.0
calibration_Time: "08/31/17 14:23:39"
nrOfFrames: 26
image_Width: 1280
image_Height: 720
board_Width: 7
board_Height: 5
square_Size: 30.
FixAspectRatio: 1.
# flags:  +fix_aspectRatio +fix_principal_point +zero_tangent_dist
flagValue: 14
Camera_Matrix: !!opencv-matrix
   rows: 3
   cols: 3
   dt: d
   data: [ 1.0078520005023535e+003, 0., 6.3950000000000000e+002, 0.,
       1.0078520005023535e+003, 3.5950000000000000e+002, 0., 0., 1. ]
Distortion_Coefficients: !!opencv-matrix
   rows: 5
   cols: 1
   dt: d
   data: [ -4.9694653328469340e-002, 2.3886698343464000e-001, 0., 0.,
       -2.1783942538569392e-001 ]
Avg_Reprojection_Error: 6.4271522441441153e-001
Per_View_Reprojection_Errors: !!opencv-matrix
   rows: 26
   cols: 1
   dt: f
   data: [ 3.89407665e-001, 4.69866753e-001, 3.74819994e-001,
       4.79580641e-001, 2.85050988e-001, 3.93756509e-001,
       9.21430171e-001, 7.79153645e-001, 6.87648296e-001,
       6.19106829e-001, 6.83992207e-001, 6.41160131e-001,
       2.52024829e-001, 2.94729859e-001, 4.55538809e-001,
       7.44070828e-001, 4.21751559e-001, 5.13929784e-001,
       6.03685081e-001, 1.09411442e+000, 1.20731401e+000,
       8.70341241e-001, 3.22936684e-001, 4.73881990e-001,
       8.06841075e-001, 6.78049505e-001 ]
# a set of 6-tuples (rotation vector + translation vector) for each view
Extrinsic_Parameters: !!opencv-matrix
   rows: 26
   cols: 6
   dt: d
   data: [ -1.0061982914471769e-001, -4.6267077517327511e-002,
       -4.4301350600229374e-004, -1.0181948217499654e+002,
       -6.1724053901572269e+001, 2.9436493551855875e+002,
       -9.5063591799946862e-002, -3.4604381581053813e-002,
       -3.9261741995817541e-003, -1.0150654600180661e+002,
       -6.0393791515047219e+001, 2.8967856684694272e+002,
       -7.1960655358133951e-002, -2.3544368203423330e-002,
       -4.0531619770900560e-003, -1.0011373763682721e+002,
       -6.2306044158484809e+001, 2.7259252378111580e+002,
       -1.1139040777803885e-001, -4.7842726919304766e-002,
       -4.3940255678380877e-002, -1.5219972143107904e+002,
       -6.0692488101508374e+001, 2.9941290106129549e+002,
       -1.0838243128646669e-001, 1.7245066999545960e-002,
       1.2554539415527824e-002, -4.6104236038053038e+001,
       -6.5529424161810041e+001, 3.0613528708728285e+002,
       -1.0553898885743301e-001, -4.5330552665011112e-002,
       -3.7283493687506981e-003, -9.9755205766741497e+001,
       -6.2727944732325575e+001, 2.9870522540884639e+002,
       -4.7402856200017385e-002, -2.0100815256031565e-001,
       3.3428442543205240e-002, -7.6480943732871765e+001,
       -5.9348963069702933e+001, 2.7812854928629753e+002,
       -6.8895001704472200e-002, -2.3373840151375386e-001,
       -1.4546009468120729e-003, -8.6863848425513737e+001,
       -6.0726923688123030e+001, 2.7293809454191825e+002,
       -9.4376025657697427e-002, -2.0179223982924580e-001,
       1.8223394838689167e-002, -6.4660654693718712e+001,
       -6.0960493303155957e+001, 2.8338443102050098e+002,
       -2.0796154103561168e-001, 1.4994310910397726e-001,
       6.7589607040718690e-003, -1.0847972569511245e+002,
       -5.3681862454861495e+001, 3.4302529492304660e+002,
       -1.6675230697958204e-001, 2.1003583873393178e-001,
       -8.2165309987260026e-003, -1.2313335686822604e+002,
       -6.1020433989623967e+001, 3.2003641232398462e+002,
       -2.0730201519662284e-001, 3.1564027752550716e-001,
       -2.1415934765389433e-002, -1.0709762569092807e+002,
       -5.0826464819326084e+001, 3.5085192054860090e+002,
       -7.5340217434779505e-002, 1.0499168063234214e-002,
       -6.2185150649677126e-003, -1.1109783307746356e+002,
       -5.5890540453789377e+001, 4.2810900690391458e+002,
       -2.5388183716305000e-002, -4.5541520623154523e-002,
       2.5302000198232444e-003, -1.1415276882945332e+002,
       -6.4372783187589505e+001, 3.5537687563319918e+002,
       -2.7894673234986539e-001, -3.3323905086282107e-002,
       1.2285186236265746e-004, -1.1567267190962491e+002,
       -5.2286293551274085e+001, 3.7149793908788251e+002,
       1.8377777758463890e-001, -4.9699062535073411e-002,
       1.7621032693002813e-002, -1.1394515250291597e+002,
       -4.6659070465022126e+001, 3.3581394983229649e+002,
       -3.9854022948585910e-001, -9.3000622534097585e-004,
       1.2204737572531738e-002, -1.0906968700108048e+002,
       -7.5506445285958037e+001, 3.8029626229811652e+002,
       -4.5372875508608823e-001, 4.7036115348683422e-003,
       1.8888523942725052e-002, -9.9754023176384678e+001,
       -7.3116615116430566e+001, 3.3696733421223774e+002,
       -5.5366920251076901e-001, -2.9407617495235301e-003,
       -2.9879082477357916e-003, -9.9986262080211915e+001,
       -5.9447349913083741e+001, 3.1968983687139746e+002,
       4.0385193608485026e-001, -1.2783226325175071e-001,
       4.7077209444994335e-002, -1.2148308123656105e+002,
       -4.3015404322560961e+001, 2.8900206798894936e+002,
       4.8518021989832871e-001, -1.5002202443014684e-001,
       7.1445927176654975e-002, -1.1518749913268273e+002,
       -2.9543112795545884e+001, 2.6026207968048800e+002,
       1.1297767001008818e-002, -1.0202688415868554e-001,
       -1.2226138838992895e-002, -1.2839513421187650e+002,
       -6.3981059724033614e+001, 2.9811893767525720e+002,
       -3.9541337905315409e-002, -1.1012476668257177e-002,
       3.2940277010135771e-002, -6.9531561175621462e+001,
       -6.3497189149280686e+001, 3.2675944020985719e+002,
       -3.0196510124305692e-001, 1.8731190803327888e-001,
       2.0513533878899010e-002, -7.5573981893927680e+001,
       -5.5674348917556486e+001, 3.9783799940615614e+002,
       4.5197064379910244e-002, -2.0390392704149174e-001,
       -1.6754361181283872e-002, -9.9431200477874867e+001,
       -4.9179753734535780e+001, 3.1157646519736699e+002,
       -2.9052608863386897e-001, -2.7337158650560223e-001,
       6.6384241820842460e-002, -8.6393563796165026e+001,
       -7.2003111986606683e+001, 3.0826169701208835e+002 ]
